03787
00435
02078
03748
01195
02490
03263
02162
03425
01447
03711
02881
02042
00472
00794
00176
00739
01494
00091
00904
03107
01625
03708
01037
01129
02280
01725
01491
00577
00489
02046
01900
01587
03637
01923
01971
00530
01751
00036
01060
02996
01128
01260
00821
03919
02080
01792
00596
03386
03932
01220
00851
03851
03650
03101
02027
01399
03084
01315
01135
01730
01062
00766
00583
01193
00155
01347
01800
00517
02582
00915
00143
01196
00188
01671
00158
00208
02556
01009
02320
00699
03207
01989
02874
03196
00081
01806
03268
00475
01070
01770
02336
01120
03372
02132
00438
01805
03262
03783
01301
00460
02201
02035
01007
02666
00269
02551
02288
00034
00139
03903
02114
01214
00127
00694
03664
03433
00795
02545
00752
01023
00971
00640
00322
00039
01931
01089
01319
03876
02148
03802
02239
01755
02493
01110
01137
01919
01329
00452
02054
01238
00213
02401
00211
00073
02780
00148
01511
01264
00515
